Trial>> A

A =

    10     7     1     2
    12    14    18     7
    18    16     1    16
    13    12    10     4

Trial>> B

B =

     3    14    10    17
    17    12     5     9
     0     3    11     8
     6    19    18    16

Trial>> C = A * B

C =

   161   265   182   273
   316   523   514   586
   422   751   559   714
   267   432   372   473

Trial>> 