Trial>> A = [10 7 1 2; 12 14 18 7; 18 16 1 16; 13 12 10 4]

A =

    10     7     1     2
    12    14    18     7
    18    16     1    16
    13    12    10     4

Trial>> B = [3 14 10 17; 17 12 5 9; 0 3 11 8; 6 19 18 16]

B =

     3    14    10    17
    17    12     5     9
     0     3    11     8
     6    19    18    16

Trial>> C = A + B

C =

    13    21    11    19
    29    26    23    16
    18    19    12    24
    19    31    28    20

Trial>> 